cranfield0001.txt : 0.0829566280171
cranfield0002.txt : 0.203135401068
cranfield0003.txt : 0.0291763737089
cranfield0004.txt : 0.0926997174475
cranfield0005.txt : 0.0187664854685
cranfield0006.txt : 0.107275501947
cranfield0007.txt : 0.082302078874
cranfield0008.txt : 0.0975408916455
cranfield0009.txt : 0.0784636075358
cranfield0010.txt : 0.0574936761533
cranfield0011.txt : 0.100978426158
cranfield0012.txt : 0.0877269203824
cranfield0013.txt : 0.0993572344761
cranfield0014.txt : 0.0775502098023
cranfield0015.txt : 0.11241112211
cranfield0016.txt : 0.114196790197
cranfield0018.txt : 0.0841887871439
cranfield0019.txt : 0.0665858461646
cranfield0020.txt : 0.151002189285
cranfield0021.txt : 0.0445729690938
cranfield0022.txt : 0.0543283461123
cranfield0023.txt : 0.140701416975
cranfield0024.txt : 0.121517991289
cranfield0025.txt : 0.159435469631
cranfield0026.txt : 0.104708325015
cranfield0027.txt : 0.202630699991
cranfield0028.txt : 0.249293403776
cranfield0029.txt : 0.0938794014141
cranfield0030.txt : 0.0828353681872
cranfield0031.txt : 0.0302700626644
cranfield0032.txt : 0.0918639856305
cranfield0033.txt : 0.0944844213316
cranfield0035.txt : 0.141557288161
cranfield0036.txt : 0.115258960637
cranfield0037.txt : 0.0622953210334
cranfield0038.txt : 0.0712032734944
cranfield0039.txt : 0.162724405075
cranfield0040.txt : 0.0472902942562
cranfield0041.txt : 0.0358869510607
cranfield0042.txt : 0.0805021601862
cranfield0043.txt : 0.0869231961498
cranfield0044.txt : 0.153770120513
cranfield0045.txt : 0.13059143638
cranfield0046.txt : 0.0995478199898
cranfield0047.txt : 0.0960325905216
cranfield0048.txt : 0.0759695616135
cranfield0049.txt : 0.135741731814
cranfield0050.txt : 0.089437049822
cranfield0052.txt : 0.0689938418892
cranfield0053.txt : 0.0566646025297
cranfield0054.txt : 0.131980948157
cranfield0055.txt : 0.0880359916893
cranfield0056.txt : 0.0775964167626
cranfield0057.txt : 0.0859297458977
cranfield0058.txt : 0.104624185985
cranfield0059.txt : 0.0776592282629
cranfield0060.txt : 0.0617890978891
cranfield0061.txt : 0.0951621220707
cranfield0062.txt : 0.1263492506
cranfield0063.txt : 0.0550598662642
cranfield0064.txt : 0.208770950977
cranfield0065.txt : 0.168553560754
cranfield0066.txt : 0.0566527284004
cranfield0067.txt : 0.0912693866493
cranfield0017.txt : 0.0901953819542
cranfield0034.txt : 0.0854128488709
cranfield0051.txt : 0.121432990778
cranfield0068.txt : 0.044791233598
cranfield0069.txt : 0.0440653488671
cranfield0070.txt : 0.0603886146766
cranfield0071.txt : 0.0533838970174
cranfield0072.txt : 0.211643145414
cranfield0073.txt : 0.173757219083
cranfield0074.txt : 0.0541457790955
cranfield0075.txt : 0.0798117716193
cranfield0076.txt : 0.0853788075973
cranfield0077.txt : 0.107456770931
cranfield0078.txt : 0.116565480085
cranfield0079.txt : 0.0486342390794
cranfield0080.txt : 0.0746433649052
cranfield0081.txt : 0.0870974385467
cranfield0082.txt : 0.0805980129312
cranfield0083.txt : 0.0933870323307
cranfield0084.txt : 0.0951321900072
cranfield0085.txt : 0.104159344111
cranfield0086.txt : 0.0564888337365
cranfield0087.txt : 0.128096583099
cranfield0088.txt : 0.0876884717447
cranfield0089.txt : 0.140989381165
cranfield0090.txt : 0.11107813168
cranfield0091.txt : 0.0685728724189
cranfield0092.txt : 0.0868204085698
cranfield0093.txt : 0.106385616346
cranfield0094.txt : 0.168613190423
cranfield0095.txt : 0.0809172327838
cranfield0096.txt : 0.104626026438
cranfield0097.txt : 0.0977114080386
cranfield0098.txt : 0.122704334426
cranfield0099.txt : 0.112113413176
cranfield0100.txt : 0.0917374744167
