cranfield0028.txt : 0.249293403776
cranfield0072.txt : 0.211643145414
cranfield0064.txt : 0.208770950977
cranfield0002.txt : 0.203135401068
cranfield0027.txt : 0.202630699991
cranfield0073.txt : 0.173757219083
cranfield0094.txt : 0.168613190423
cranfield0065.txt : 0.168553560754
cranfield0039.txt : 0.162724405075
cranfield0025.txt : 0.159435469631
